%YAML:1.0
calibration_time: "ti. 05. mai 2015 kl. 16.50 +0200"
nframes: 10
image_width: 640
image_height: 480
board_width: 9
board_height: 6
square_size: 2.5000000372529030e-02
flags: 0
camera_matrix: !!opencv-matrix
   rows: 3
   cols: 3
   dt: d
   data: [ 6.0723280382601433e+02, 0., 3.2316766720374324e+02, 0.,
       6.0782327410858113e+02, 2.3722297837802961e+02, 0., 0., 1. ]
distortion_coefficients: !!opencv-matrix
   rows: 5
   cols: 1
   dt: d
   data: [ 1.1250381771842616e-01, -2.0684554768129779e-02,
       -5.1234589748385502e-03, -3.3438292529439102e-03,
       -5.0604055458612585e-01 ]
avg_reprojection_error: 2.5204168308715380e-01
per_view_reprojection_errors: !!opencv-matrix
   rows: 10
   cols: 1
   dt: f
   data: [ 2.09700614e-01, 3.48461956e-01, 2.85667449e-01,
       2.61883855e-01, 2.25515053e-01, 1.62765265e-01, 2.10038006e-01,
       1.81291670e-01, 2.73163736e-01, 3.01181585e-01 ]
extrinsic_parameters: !!opencv-matrix
   rows: 10
   cols: 6
   dt: d
   data: [ -3.7595433546771934e-01, 3.6430970692742187e-01,
       7.0564278457396004e-02, -6.2162713449968945e-02,
       -5.0980443723409263e-02, 5.4603382797833655e-01,
       -4.6092322819355730e-01, 3.4643050146726823e-01,
       6.5857410901964508e-02, -8.2014774275391875e-02,
       -4.3137929839329861e-02, 5.4721470091991642e-01,
       -6.7808870537690646e-01, 4.4031895531921252e-02,
       1.0862167462203939e-01, -1.2038896862929677e-01,
       -8.4391287174267776e-02, 4.7622067338353624e-01,
       -7.4407493831481686e-01, -7.4459945382523596e-02,
       1.4289983823993199e-01, -4.6761005205039979e-02,
       -1.4351272849524192e-02, 4.6116715150004073e-01,
       -4.5801145536329474e-01, -2.1289458616168419e-01,
       1.3096470774758065e-01, -3.9746737011374808e-02,
       -7.8634177809809150e-02, 5.4828373880145787e-01,
       -2.2077015319742549e-01, -1.4486271422855632e-01,
       9.0474774892901844e-02, 2.0708479362681907e-02,
       -3.3440274390594882e-02, 5.0835163374123249e-01,
       1.2700692295300628e-01, -4.5554359539051237e-02,
       3.8086463208992033e-02, 5.7868945331635922e-03,
       -4.6253794764492276e-02, 4.6551387248164705e-01,
       9.0847567490595499e-02, -4.8520871292132811e-02,
       -7.2732850853236566e-02, -1.0279278486528888e-01,
       4.4347705413700741e-02, 4.7220635306990516e-01,
       3.1830377796867940e-03, 1.9971511287453386e-01,
       1.1817592822023799e-01, -1.0909658224976239e-01,
       -5.8523771671149749e-02, 5.3262127106308033e-01,
       -1.6913700733883896e-01, 6.1449234830145127e-01,
       1.7794632909350350e-02, -5.3541265697201211e-02,
       -9.6759452732775725e-03, 6.0875452104508465e-01 ]
image_points: !!opencv-matrix
   rows: 10
   cols: 54
   dt: "2f"
   data: [ 2.35238663e+02, 1.62871033e+02, 2.60892548e+02,
       1.61710922e+02, 2.87672668e+02, 1.60975906e+02, 3.15749176e+02,
       1.60296158e+02, 3.44391510e+02, 1.59281799e+02, 3.73857544e+02,
       1.57763916e+02, 4.04643768e+02, 1.56618118e+02, 4.36739807e+02,
       1.54935730e+02, 4.70079041e+02, 1.53581055e+02, 2.30328003e+02,
       1.88918686e+02, 2.56462555e+02, 1.88488708e+02, 2.83558990e+02,
       1.87935394e+02, 3.11597198e+02, 1.87345779e+02, 3.40557526e+02,
       1.86672165e+02, 3.70764496e+02, 1.86203979e+02, 4.02016052e+02,
       1.85409897e+02, 4.34610962e+02, 1.84364670e+02, 4.68467499e+02,
       1.83651260e+02, 2.25075943e+02, 2.15622345e+02, 2.51547302e+02,
       2.15570007e+02, 2.78746613e+02, 2.15459030e+02, 3.07489807e+02,
       2.15434753e+02, 3.36916870e+02, 2.15498108e+02, 3.67593933e+02,
       2.15430511e+02, 3.99452576e+02, 2.15322052e+02, 4.32401001e+02,
       2.15003815e+02, 4.66838440e+02, 2.14801880e+02, 2.19604263e+02,
       2.43660873e+02, 2.46495682e+02, 2.44073990e+02, 2.74340271e+02,
       2.44387848e+02, 3.03251495e+02, 2.44586853e+02, 3.33313232e+02,
       2.45309418e+02, 3.64333588e+02, 2.45877365e+02, 3.96658539e+02,
       2.46463928e+02, 4.30182678e+02, 2.46759705e+02, 4.65273163e+02,
       2.47376816e+02, 2.14078140e+02, 2.72425537e+02, 2.41413284e+02,
       2.73269043e+02, 2.69538971e+02, 2.73968048e+02, 2.98822388e+02,
       2.74779510e+02, 3.29184204e+02, 2.75922852e+02, 3.60674286e+02,
       2.77069580e+02, 3.93931854e+02, 2.78513580e+02, 4.28051331e+02,
       2.79443237e+02, 4.63691498e+02, 2.80698975e+02, 2.08168243e+02,
       3.02149689e+02, 2.35951904e+02, 3.03342010e+02, 2.64561951e+02,
       3.04877838e+02, 2.94420959e+02, 3.06319000e+02, 3.25066010e+02,
       3.07868683e+02, 3.56942719e+02, 3.09505707e+02, 3.90776245e+02,
       3.11444153e+02, 4.25760040e+02, 3.13580200e+02, 4.61998718e+02,
       3.15556305e+02, 2.12430389e+02, 1.71550156e+02, 2.38082092e+02,
       1.70203735e+02, 2.64935089e+02, 1.69306000e+02, 2.92748169e+02,
       1.68387787e+02, 3.21159119e+02, 1.66978806e+02, 3.50226196e+02,
       1.65558716e+02, 3.80421204e+02, 1.63937851e+02, 4.11659424e+02,
       1.62382553e+02, 4.44007080e+02, 1.60519531e+02, 2.06592224e+02,
       1.96764252e+02, 2.32884552e+02, 1.95853653e+02, 2.60059479e+02,
       1.95354843e+02, 2.88107025e+02, 1.94520874e+02, 3.16846466e+02,
       1.93561295e+02, 3.46609711e+02, 1.92534668e+02, 3.77414368e+02,
       1.91561707e+02, 4.09273407e+02, 1.90289658e+02, 4.42287415e+02,
       1.89367630e+02, 2.00407379e+02, 2.22983780e+02, 2.27133377e+02,
       2.22581238e+02, 2.54715820e+02, 2.22008652e+02, 2.83315247e+02,
       2.21534744e+02, 3.12877930e+02, 2.21401733e+02, 3.42962067e+02,
       2.20902298e+02, 3.74405029e+02, 2.20470001e+02, 4.06774353e+02,
       2.19613281e+02, 4.40516235e+02, 2.18979324e+02, 1.93859558e+02,
       2.50430222e+02, 2.21163437e+02, 2.50372025e+02, 2.49228058e+02,
       2.50358475e+02, 2.78370392e+02, 2.50196426e+02, 3.08299896e+02,
       2.50344681e+02, 3.39290985e+02, 2.50445663e+02, 3.71258301e+02,
       2.50427734e+02, 4.04330597e+02, 2.50353165e+02, 4.38656036e+02,
       2.50402313e+02, 1.87124512e+02, 2.78812531e+02, 2.14954773e+02,
       2.79270294e+02, 2.43487839e+02, 2.79470673e+02, 2.73158478e+02,
       2.79717621e+02, 3.03581879e+02, 2.80355072e+02, 3.35110291e+02,
       2.81083893e+02, 3.68010834e+02, 2.81692444e+02, 4.01695129e+02,
       2.82159027e+02, 4.36815582e+02, 2.82656281e+02, 1.79874924e+02,
       3.08474762e+02, 2.08323853e+02, 3.09393158e+02, 2.37411911e+02,
       3.10332428e+02, 2.67611359e+02, 3.11058167e+02, 2.98595612e+02,
       3.11730652e+02, 3.30629364e+02, 3.12843658e+02, 3.64279388e+02,
       3.14144440e+02, 3.98925446e+02, 3.15457855e+02, 4.34841370e+02,
       3.16656403e+02, 1.47204987e+02, 1.09440613e+02, 1.79651688e+02,
       1.11369926e+02, 2.12293137e+02, 1.14722107e+02, 2.45305832e+02,
       1.17666763e+02, 2.77997101e+02, 1.20344475e+02, 3.10938629e+02,
       1.22659859e+02, 3.44464447e+02, 1.25128746e+02, 3.77964996e+02,
       1.27271545e+02, 4.11883942e+02, 1.29410233e+02, 1.37993927e+02,
       1.32082962e+02, 1.71469864e+02, 1.34867935e+02, 2.05336594e+02,
       1.37624832e+02, 2.39271759e+02, 1.40542419e+02, 2.73219025e+02,
       1.43345337e+02, 3.07287354e+02, 1.46027817e+02, 3.41819580e+02,
       1.48588608e+02, 3.76589600e+02, 1.51038010e+02, 4.11491669e+02,
       1.53967209e+02, 1.27892014e+02, 1.56307663e+02, 1.62692902e+02,
       1.59262421e+02, 1.97587204e+02, 1.62164658e+02, 2.32835144e+02,
       1.65138840e+02, 2.67935547e+02, 1.68518402e+02, 3.03243134e+02,
       1.71443542e+02, 3.39057739e+02, 1.74243179e+02, 3.74826599e+02,
       1.76805771e+02, 4.11238861e+02, 1.79624435e+02, 1.17184814e+02,
       1.82547043e+02, 1.53206787e+02, 1.85520447e+02, 1.89419510e+02,
       1.88591660e+02, 2.25904892e+02, 1.91515228e+02, 2.62401611e+02,
       1.95010361e+02, 2.98873932e+02, 1.98405701e+02, 3.36046021e+02,
       2.01411987e+02, 3.73341156e+02, 2.04359604e+02, 4.10740997e+02,
       2.07516174e+02, 1.05633980e+02, 2.10172668e+02, 1.43029663e+02,
       2.13553543e+02, 1.80588409e+02, 2.16769119e+02, 2.18599899e+02,
